2162700.0
4485600.0
480600.0
126990.0
1049100.0
1590298.8399999999
1590298.8399999999
1067400.0
1067400.0
1444500.0
1729800.0
426600.0
41247026.25
165189957.28
21914190
129600.0
152999.22
7109100.0
78784555.06
437570.0
324577805.9
231318004.95
247193.99999999997
82025.99999999999
902180.0
88721.99999999999
773388.0
451980.0
92256.0
859812.0
6001302.0
57976.2
3278945.0
4536840.2
1131232.0
140616.0
61937.99999999999
158193.0
536256.0
909212.0
412000.0
47908888.575
6290928.000000001
35543977.125
232067007.60000002
596477827.105
226746353.03
301228502.175
269474139.95
76688341.42500001
98450951.04
23589915
9720081.0
11249405.4
6642162.0
73022056
20520028.8
2131217.7600000002
95591339.12
23042700
4660178.4
16776642.24
74370240
20115270.2
132838974.00000001
31738891.280000005
56726974.368
1777637.0
9360000.0
179532355.14000002
192703608.39999998
27037472.4
2079008.1
12610125.36
114485510.99999999
116108160.22
35193818.88
101876422.8
59184351.00000001
18526426.2
0.0
58217657.6
148185288.075
100420948.88
16917135.84
126458211.6
39752842.5
20160168.000000004
352838490.74
440000602.99999994
729105530.65
64800.0
46757337.086
58077689.635000005
45559968.345
21455496.665
26740931.932223998
3510000.0
0.0
337500.0
60000.0
127110.0
0.0
111509.99999999997
157983.0
415800.0
29250.0
7413280.0
8346060.0
15251442.326249998
3750298.4699999997
831600.0
4513500.0
2343600.0
17582395.9125
4270500.0
30349168.2
792000.0
4176900.0
2538000.0
15641909.715
41583233.025
2500859.25375
5821202.475
3385800.75
2350300.0
4178773.925
1013400.0
5611500.0
4723200.0
1119960.0
10364850
17142300
1755000.0
428580.0
2579400.0
13645625.9
38100600
1624465.9999999998
2440800.0
3124800.0
19938600
609300.0
2435400.0
41400.0
1533600.0
1917000.0
3467880.0
2025495.0
80370.0
8708175.0
5390775.0
1705728.51975
15768999.325
8105400.0
7844405.1
6694650.0
10557900.856511628
28988645.84
154800.58
401940.0
329400.0
10425497.040000001
8523882.719999999
3394224.0
161504.99999999997
2008395.0
4019400.0
26455646.875
1538100.0
193323.0
8360753.895
472499.79000000004
7803953.55
6865200.0
2299844.0
9090000.0
4001400.0
4158000.0
56346710.6
2400840.0
6713119.45
5335200.0
405000.0
427500.0
1197000.0
688500.225
239530.0
5596381.0
2056944.0
24128672.39
115012605.2
29952000
1468800.0
405000.0
69766560
16636950
4579200.0
2214000.0
12957420
26324100
24442860.29032
147002262
50274989.44
20604600
22262175
104880302.1
27565584
35205645.000420004
46924109.39
99655456.7
12399768
80082248.675
70490152.58
110697538.71
8474669.504999999
19123696.8
27397260
24516126.85
1473801.0
2420010.0
51144731
17607313
10886046
11694600
15244388.89
66202922.97
5425200.0
19970452
28807200
51448508.325
1768133.0
2793420.0
669600.0
56472900
91570.5
3449600.0
175849200
12186000
17368000
0.0
612000.0
365460.0
11733750
816075.0
495000.0
9328860.0
3132580.0
3001551.0
76171298.55000001
139028140.125
1791270.0
66582339.18
3312000.0
29966410.05
2838507.66
4638375.0
9386007.66
5408010.0
11529492.66
83807.99999999999
0.0
9446630.4
5936850.0
0.0
0.0
0.0
307879.80000000005
0.0
0.0
0.0
162000.0
0.0
11808288
0.0
0.0
0.0
0.0
29591820.000000004
