48412000
78204000
37611000
148550.0
300090.0
475400.0
2746960.0
2178400.0
2104400.0
2178400.0
2104400.0
58240.0
511570.0
1055952196
55974.0
535600.0
651900.0
394945.0
3790600.0
3356100.0
679200.0
3356100.0
200020.0
3790600.0
296310.0
74696100
33360771
4462200.0
53346657
173160.0
354800.0
2360862.0
8460975.0
566195624
5277700.0
1852720.0
5907600.0
14475165
7086240.0
162962.0
3777312.0
2097580.0
135606.0
12672130
38270.0
3589478.0
165000000
163767083
213747840
31788520
4275200.0
380800.0
22500.0
583753.0
1129950.0
330650.0
64449000
315974430
2851918.0
220940.0
4020000.0
7229500.0
3443000.0
247481.0
379820.0
2808000.0
567120.0
126990.0
94500.0
2974200.0
296086480
41790.0
267030.0
14565250
5281200.0
5769900.0
22118400
122106240
4312900.0
4849300.0
611760.0
486360.0
16416000
507280.0
30822586
7642900.0
7551000.0
295568328
2942200.0
73600.0
38969800
3877200.0
3494250.0
556708.0
2596489.0
230919.0
5470000.0
728140.0
12084075
444480528
69576.0
257890573
4651965.0
6059454.0
5184120.0
14620166
1284210.0
80803800
2284425.0
33783840
20977796
2343600.0
85725.0
24357600
673480.0
238500.0
4736610.0
5472500.0
111324709
6290640.0
35773460
239200.0
474300.0
6823800.0
213453750
35964000
1400210.0
