1887090.9999999998
46443900
18275207.4
2713592026.7400002
126018855
211137417
8219900.0
52537851
603527220
5907600.0
126990.0
4778299.856511627
4275200.0
1254219.0
165863340
26057700
45655200
95400000
65572360
293167800
50103680.4
27599850
1284210.0
218669300
3284558.035
75992940
196805436.91322398
36524764.739999995
43432000
790707110
34183800
3877200.0
2851918.0
16416000
36939870
3443000.0
1378383300
238500.0
6261835.5
17153070.765
53546868
3444300.0
27008100
64934585.52050001
17478300
278300.0
1200775270.46475
651110.0
2343600.0
5969000.0
5969000.0
5460500.0
5460500.0
6823800.0
13369500
118842200.00073999
214103250
29492815
54840060
26769600
10153170
2986490.764999999
15895539
2974200.0
