265200.0
427000.0
107100.0
381600.0
310000.0
349300.0
419000.0
88800.0
440300.0
82400.0
0.0
177600.0
403000.0
79000.0
346000.0
81600.0
403000.0
322100.0
442000.0
203100.0
403000.0
149600.0
76800.0
349300.0
111300.0
76800.0
177600.0
249900.0
403000.0
95200.0
147000.0
347600.0
96000.0
81600.0
285600.0
0.0
165700.0
403000.0
336600.0
334000.0
89200.0
316200.0
362100.0
185300.0
346000.0
336600.0
106200.0
310200.0
162300.0
403000.0
324700.0
168300.0
84100.0
167400.0
106200.0
174200.0
167400.0
167400.0
343400.0
65400.0
149600.0
119000.0
472000.0
260100.0
260100.0
175100.0
81600.0
328900.0
164900.0
351000.0
335700.0
402900.0
346800.0
302600.0
120700.0
96000.0
149600.0
403000.0
442000.0
176800.0
76800.0
213300.0
281300.0
321300.0
88800.0
408000.0
99000.0
335700.0
545000.0
85800.0
301700.0
432000.0
79200.0
345100.0
107100.0
261800.0
345100.0
247300.0
145300.0
184400.0
107100.0
76800.0
346000.0
282200.0
81600.0
147000.0
356100.0
107100.0
148700.0
106200.0
346800.0
310200.0
406300.0
172500.0
227800.0
406300.0
107100.0
254100.0
432000.0
365500.0
149600.0
165700.0
165700.0
177600.0
96000.0
76800.0
442000.0
79200.0
273700.0
76800.0
247300.0
81600.0
327200.0
345100.0
346000.0
107100.0
170000.0
249900.0
347600.0
168300.0
342500.0
244800.0
314500.0
169100.0
160600.0
158100.0
108800.0
160600.0
306800.0
107100.0
163200.0
605200.0
119000.0
256700.0
177600.0
342500.0
81600.0
329800.0
324700.0
153000.0
96000.0
300000.0
201400.0
442000.0
12000.0
311900.0
166600.0
168300.0
109600.0
168300.0
442000.0
403000.0
65400.0
164900.0
370600.0
849100.0
84100.0
324700.0
310200.0
163200.0
338300.0
89200.0
249000.0
245600.0
96000.0
314500.0
293200.0
150000.0
61600.0
100800.0
325500.0
81600.0
317000.0
79000.0
317000.0
84100.0
83300.0
245600.0
10000.0
341300.0
164900.0
83300.0
83300.0
311100.0
79000.0
335700.0
98600.0
107100.0
300900.0
160600.0
81600.0
304300.0
124100.0
81600.0
331500.0
84100.0
432000.0
131700.0
333200.0
254100.0
85000.0
178500.0
108800.0
89200.0
81600.0
81600.0
326400.0
346000.0
167400.0
194600.0
81600.0
84100.0
340000.0
112000.0
108800.0
247300.0
24000.0
255000.0
305100.0
256700.0
95200.0
247300.0
172500.0
215000.0
317000.0
317900.0
346000.0
403000.0
421000.0
107100.0
96000.0
302600.0
81600.0
421000.0
204000.0
81600.0
296600.0
96000.0
165700.0
158100.0
106200.0
102000.0
96000.0
231200.0
233700.0
107100.0
65400.0
454000.0
244800.0
359500.0
442000.0
76800.0
110500.0
325500.0
357800.0
345100.0
167400.0
320400.0
403000.0
255800.0
247300.0
314500.0
168300.0
432000.0
185600.0
311100.0
177600.0
273700.0
247300.0
107100.0
81600.0
172500.0
165700.0
331500.0
172500.0
318700.0
357000.0
15000.0
346000.0
335700.0
108800.0
336600.0
403000.0
455000.0
233600.0
65400.0
126000.0
338300.0
344200.0
288100.0
317000.0
173400.0
319600.0
84100.0
147000.0
184000.0
165700.0
311900.0
306800.0
81600.0
83300.0
310200.0
167400.0
81600.0
165700.0
442000.0
0.0
173400.0
107100.0
160600.0
160600.0
158400.0
163200.0
167400.0
499000.0
10000.0
81600.0
323800.0
336600.0
167400.0
561000.0
357000.0
299200.0
340000.0
357000.0
155200.0
313600.0
76800.0
166600.0
350200.0
379100.0
81600.0
272800.0
300000.0
343400.0
339100.0
120700.0
147000.0
107100.0
107100.0
107100.0
144500.0
81600.0
334900.0
273700.0
173400.0
201400.0
393500.0
160600.0
403000.0
558000.0
111300.0
83300.0
61600.0
144500.0
165700.0
249000.0
81600.0
316200.0
314500.0
10000.0
345100.0
126000.0
347600.0
602000.0
306200.0
165700.0
203100.0
215000.0
257500.0
107100.0
106200.0
301700.0
168300.0
163200.0
319600.0
81600.0
81600.0
346000.0
76800.0
351000.0
109600.0
277100.0
315300.0
1464500.0
267200.0
78400.0
403000.0
309400.0
151300.0
164900.0
230300.0
228600.0
346000.0
163200.0
442000.0
232900.0
172000.0
401200.0
155200.0
81600.0
342500.0
403000.0
200600.0
364600.0
403000.0
334000.0
81600.0
346000.0
1252000.0
323800.0
310200.0
325500.0
147000.0
81600.0
173400.0
160600.0
340000.0
326600.0
173400.0
706300.0
302100.0
332300.0
453900.0
260900.0
164900.0
81600.0
244800.0
83300.0
149600.0
303400.0
184400.0
319600.0
85800.0
403000.0
326400.0
166600.0
390100.0
403000.0
107100.0
165700.0
457300.0
205700.0
310200.0
306800.0
329800.0
81600.0
403000.0
175900.0
76800.0
472600.0
251600.0
167400.0
83300.0
300900.0
164900.0
65400.0
79200.0
107100.0
436900.0
147000.0
95200.0
310200.0
329800.0
192100.0
146200.0
408000.0
108800.0
309400.0
308500.0
256700.0
164900.0
82400.0
85800.0
100800.0
263500.0
403000.0
165700.0
169100.0
376500.0
369700.0
323800.0
346000.0
170000.0
76800.0
178500.0
